1	0.3855	0.0106
2	0.39	0.0106
3	0.3945	0.0106
4	0.3989	0.0106
5	0.4034	0.0106
6	0.4079	0.0105
7	0.4124	0.0105
8	0.4169	0.0105
9	0.4214	0.0105
10	0.4259	0.0105
11	0.4304	0.0105
12	0.4348	0.0105
13	0.4393	0.0105
14	0.4438	0.0105
15	0.4483	0.0105
16	0.4528	0.0105
17	0.4573	0.0105
18	0.4618	0.0105
19	0.4663	0.0105
20	0.4707	0.0105
21	0.4752	0.0105
22	0.4797	0.0105
23	0.4842	0.0105
24	0.4887	0.0105
25	0.4932	0.0105
26	0.4977	0.0105
27	0.5022	0.0105
28	0.5066	0.0105
29	0.5111	0.0105
30	0.5156	0.0105
31	0.5201	0.0105
32	0.5246	0.0105
33	0.5291	0.0105
34	0.5336	0.0105
35	0.5381	0.0105
36	0.5425	0.0105
37	0.547	0.0105
38	0.5515	0.0105
39	0.556	0.0104
40	0.5605	0.0104
41	0.565	0.0104
42	0.5695	0.0104
43	0.574	0.0104
44	0.5784	0.0104
45	0.5829	0.0104
46	0.5874	0.0104
47	0.5919	0.0104
48	0.5964	0.0104
49	0.6009	0.0104
50	0.6054	0.0104
51	0.6099	0.0104
52	0.6143	0.0104
53	0.6188	0.0104
54	0.6233	0.0104
55	0.6278	0.0104
56	0.6323	0.0104
57	0.6368	0.0104
58	0.6413	0.0104
59	0.6458	0.0104
60	0.6502	0.0104
61	0.6547	0.0104
62	0.6592	0.0104
63	0.6637	0.0104
64	0.6682	0.0104
65	0.6727	0.0104
66	0.6772	0.0104
67	0.6817	0.0104
68	0.6861	0.0104
69	0.6906	0.0104
70	0.6951	0.0104
71	0.6996	0.0103
72	0.7041	0.0103
73	0.7086	0.0103
74	0.7131	0.0103
75	0.7176	0.0103
76	0.7221	0.0103
77	0.7265	0.0103
78	0.731	0.0103
79	0.7355	0.0103
80	0.74	0.0103
81	0.7445	0.0103
82	0.749	0.0103
83	0.7535	0.0103
84	0.758	0.0103
85	0.7624	0.0103
86	0.7669	0.0103
87	0.7714	0.0103
88	0.7759	0.0103
89	0.7804	0.0103
90	0.7849	0.0103
91	0.7894	0.0103
92	0.7939	0.0103
93	0.7983	0.0103
94	0.8028	0.0103
95	0.8073	0.0103
96	0.8118	0.0103
97	0.8163	0.0103
98	0.8208	0.0103
99	0.8253	0.0103
100	0.8298	0.0103
101	0.8342	0.0103
102	0.8387	0.0103
103	0.8432	0.0103
104	0.8477	0.0102
105	0.8522	0.0102
106	0.8567	0.0102
107	0.8612	0.0102
108	0.8657	0.0102
109	0.8701	0.0102
110	0.8746	0.0102
111	0.8791	0.0102
112	0.8836	0.0102
113	0.8881	0.0102
114	0.8926	0.0102
115	0.8971	0.0102
116	0.9016	0.0102
117	0.906	0.0102
118	0.9105	0.0102
119	0.915	0.0102
120	0.9195	0.0102
121	0.924	0.0102
122	0.9285	0.0102
123	0.933	0.0102
124	0.9375	0.0102
125	0.9419	0.0102
126	0.9464	0.0102
127	0.9509	0.0102
128	0.9554	0.0102
129	0.9599	0.0102
130	0.9644	0.0102
131	0.9689	0.0102
132	0.9734	0.0102
133	0.9778	0.0102
134	0.9823	0.0102
135	0.9868	0.0102
136	0.9913	0.0102
137	0.9958	0.0101
138	1.0003	0.0101
139	1.0048	0.0101
140	1.0093	0.0101
141	1.0137	0.0101
142	1.0182	0.0101
143	1.0227	0.0101
144	1.0272	0.0101
145	1.0317	0.0101
146	1.0362	0.0101
147	1.0407	0.0101
148	1.0452	0.0101
149	1.0496	0.0101
150	1.0541	0.0101
151	1.0586	0.0101
152	1.0631	0.0101
153	1.0676	0.0101
154	1.0721	0.0101
155	1.0766	0.0101
156	1.0811	0.0101
157	1.0855	0.0101
158	1.09	0.0101
159	1.0945	0.0101
160	1.099	0.0101
161	1.1035	0.0101
162	1.108	0.0101
163	1.1125	0.0101
164	1.117	0.0101
165	1.1214	0.0101
166	1.1259	0.0101
167	1.1304	0.0101
168	1.1349	0.0101
169	1.1394	0.0101
170	1.1439	0.01
171	1.1484	0.01
172	1.1529	0.01
173	1.1573	0.01
174	1.1618	0.01
175	1.1663	0.01
176	1.1708	0.01
177	1.1753	0.01
178	1.1798	0.01
179	1.1843	0.01
180	1.1888	0.01
181	1.1932	0.01
182	1.1977	0.01
183	1.2022	0.01
184	1.2067	0.01
185	1.2112	0.01
186	1.2157	0.01
187	1.2202	0.01
188	1.2247	0.01
189	1.2291	0.01
190	1.2336	0.01
191	1.2381	0.01
192	1.2426	0.01
193	1.2471	0.01
194	1.2516	0.01
195	1.2561	0.01
196	1.2606	0.01
197	1.265	0.01
198	1.2695	0.01
199	1.274	0.01
200	1.2785	0.01
201	1.283	0.01
202	1.2875	0.01
203	1.292	0.0099
204	1.2965	0.0099
205	1.3009	0.0099
206	1.3054	0.0099
207	1.3099	0.0099
208	1.3144	0.0099
209	1.3189	0.0099
210	1.3234	0.0099
211	1.3279	0.0099
212	1.3324	0.0099
213	1.3369	0.0099
214	1.3413	0.0099
215	1.3458	0.0099
216	1.3503	0.0099
217	1.3548	0.0099
218	1.3593	0.0099
219	1.3638	0.0099
220	1.3683	0.0099
221	1.3728	0.0099
222	1.3772	0.0099
223	1.3817	0.0099
224	1.3862	0.0099
225	1.3907	0.0099
226	1.3952	0.0099
227	1.3997	0.0099
228	1.4042	0.0099
229	1.4087	0.0099
230	1.4131	0.0099
231	1.4176	0.0099
232	1.4221	0.0099
233	1.4266	0.0099
234	1.4311	0.0099
235	1.4356	0.0098
236	1.4401	0.0098
237	1.4446	0.0098
238	1.449	0.0098
239	1.4535	0.0098
240	1.458	0.0098
241	1.4625	0.0098
242	1.467	0.0098
243	1.4715	0.0098
244	1.476	0.0098
245	1.4805	0.0098
246	1.4849	0.0098
247	1.4894	0.0098
248	1.4939	0.0098
249	1.4984	0.0098
250	1.5029	0.0098
251	1.5074	0.0098
252	1.5119	0.0098
253	1.5164	0.0098
254	1.5208	0.0098
255	1.5253	0.0098
256	1.5298	0.0098
257	1.5343	0.0098
258	1.5388	0.0098
259	1.5433	0.0098
260	1.5478	0.0098
261	1.5523	0.0098
262	1.5567	0.0098
263	1.5612	0.0098
264	1.5657	0.0098
265	1.5702	0.0098
266	1.5747	0.0098
267	1.5792	0.0098
268	1.5837	0.0098
269	1.5882	0.0098
270	1.5926	0.0098
271	1.5971	0.0098
272	1.6016	0.0098
273	1.6061	0.0098
274	1.6106	0.0098
275	1.6151	0.0099
276	1.6196	0.0099
277	1.6241	0.0099
278	1.6285	0.0099
279	1.633	0.0099
280	1.6375	0.0099
281	1.642	0.0099
282	1.6465	0.0099
283	1.651	0.0099
284	1.6555	0.0099
285	1.66	0.0099
286	1.6644	0.0099
287	1.6689	0.0099
288	1.6734	0.0099
289	1.6779	0.0099
290	1.6824	0.0099
291	1.6869	0.0099
292	1.6914	0.0099
293	1.6959	0.0099
294	1.7003	0.0099
295	1.7048	0.0099
296	1.7093	0.0099
297	1.7138	0.0099
298	1.7183	0.0099
299	1.7228	0.0099
300	1.7273	0.0099
301	1.7318	0.0099
302	1.7362	0.0099
303	1.7407	0.0099
304	1.7452	0.0099
305	1.7497	0.0099
306	1.7542	0.0099
307	1.7587	0.01
308	1.7632	0.01
309	1.7677	0.01
310	1.7721	0.01
311	1.7766	0.01
312	1.7811	0.01
313	1.7856	0.01
314	1.7901	0.01
315	1.7946	0.01
316	1.7991	0.01
317	1.8036	0.01
318	1.808	0.01
319	1.8125	0.01
320	1.817	0.01
321	1.8215	0.01
322	1.826	0.01
323	1.8305	0.01
324	1.835	0.01
325	1.8395	0.01
326	1.8439	0.01
327	1.8484	0.01
328	1.8529	0.01
329	1.8574	0.01
330	1.8619	0.01
331	1.8664	0.01
332	1.8709	0.01
333	1.8754	0.01
334	1.8799	0.01
335	1.8843	0.01
336	1.8888	0.01
337	1.8933	0.01
338	1.8978	0.01
339	1.9023	0.01
340	1.9068	0.0101
341	1.9113	0.0101
342	1.9158	0.0101
343	1.9202	0.0101
344	1.9247	0.0101
345	1.9292	0.0101
346	1.9337	0.0101
347	1.9382	0.0101
348	1.9427	0.0101
349	1.9472	0.0101
350	1.9517	0.0101
351	1.9561	0.0101
352	1.9606	0.0101
353	1.9651	0.0101
354	1.9696	0.0101
355	1.9741	0.0101
356	1.9786	0.0101
357	1.9831	0.0101
358	1.9876	0.0101
359	1.992	0.0101
360	1.9965	0.0101
361	2.001	0.0101
362	2.0055	0.0101
363	2.01	0.0101
364	2.0145	0.0101
365	2.019	0.0101
366	2.0235	0.0101
367	2.0279	0.0101
368	2.0324	0.0101
369	2.0369	0.0101
370	2.0414	0.0101
371	2.0459	0.0101
372	2.0504	0.0101
373	2.0549	0.0102
374	2.0594	0.0102
375	2.0638	0.0102
376	2.0683	0.0102
377	2.0728	0.0102
378	2.0773	0.0102
379	2.0818	0.0102
380	2.0863	0.0102
381	2.0908	0.0102
382	2.0953	0.0102
383	2.0997	0.0102
384	2.1042	0.0102
385	2.1087	0.0102
386	2.1132	0.0102
387	2.1177	0.0102
388	2.1222	0.0102
389	2.1267	0.0102
390	2.1312	0.0102
391	2.1356	0.0102
392	2.1401	0.0102
393	2.1446	0.0102
394	2.1491	0.0102
395	2.1536	0.0102
396	2.1581	0.0102
397	2.1626	0.0102
398	2.1671	0.0102
399	2.1715	0.0102
400	2.176	0.0102
401	2.1805	0.0102
402	2.185	0.0102
403	2.1895	0.0102
404	2.194	0.0102
405	2.1985	0.0102
406	2.203	0.0103
407	2.2074	0.0103
408	2.2119	0.0103
409	2.2164	0.0103
410	2.2209	0.0103
411	2.2254	0.0103
412	2.2299	0.0103
413	2.2344	0.0103
414	2.2389	0.0103
415	2.2433	0.0103
416	2.2478	0.0103
417	2.2523	0.0103
418	2.2568	0.0103
419	2.2613	0.0103
420	2.2658	0.0103
421	2.2703	0.0103
422	2.2748	0.0103
423	2.2792	0.0103
424	2.2837	0.0103
425	2.2882	0.0103
426	2.2927	0.0103
427	2.2972	0.0103
428	2.3017	0.0103
429	2.3062	0.0103
430	2.3107	0.0103
431	2.3151	0.0103
432	2.3196	0.0103
433	2.3241	0.0103
434	2.3286	0.0103
435	2.3331	0.0103
436	2.3376	0.0103
437	2.3421	0.0103
438	2.3466	0.0103
439	2.351	0.0104
440	2.3555	0.0104
441	2.36	0.0104
442	2.3645	0.0104
443	2.369	0.0104
444	2.3735	0.0104
445	2.378	0.0104
446	2.3825	0.0104
447	2.3869	0.0104
448	2.3914	0.0104
449	2.3959	0.0104
450	2.4004	0.0104
451	2.4049	0.0104
452	2.4094	0.0104
453	2.4139	0.0104
454	2.4184	0.0104
455	2.4228	0.0104
456	2.4273	0.0104
457	2.4318	0.0104
458	2.4363	0.0104
459	2.4408	0.0104
460	2.4453	0.0104
461	2.4498	0.0104
462	2.4543	0.0104
463	2.4588	0.0104
464	2.4632	0.0104
465	2.4677	0.0104
466	2.4722	0.0104
467	2.4767	0.0104
468	2.4812	0.0104